1786475977.935464910
3, 0, 78, 1290, 45
2914266  100 12856    1       0 R
db_bytes=10293248
wal_bytes=0
1786475978.970070666
3, 0, 78, 1290, 45
2914266  287 485828  23       1 Rl
db_bytes=10293248
wal_bytes=0
1786475979.998546051
3, 0, 78, 1290, 45
2914266  201 651572  26       2 Rl
db_bytes=10293248
wal_bytes=0
1786475981.027245958
25, 0, 294, 1290, 45
2914266  171 1022196 40       3 Rl
db_bytes=10293248
wal_bytes=0
1786475982.054531876
54, 32, 1074, 1708, 46
2914266  162 2205268 110      4 Sl
db_bytes=10293248
wal_bytes=0
1786475983.085757456
90, 26, 1406, 1657, 48
2914266  202 2615040 111      5 Sl
db_bytes=10293248
wal_bytes=12392
1786475984.127650701
85, 27, 1406, 1544, 50
2914266  235 2635028 114      6 Sl
db_bytes=10297344
wal_bytes=164832
1786475985.173529636
76, 33, 1406, 1708, 54
2914266  255 2651876 114      7 Sl
db_bytes=10297344
wal_bytes=164832
1786475986.201898347
78, 27, 1406, 1556, 53
2914266  270 2686616 114      8 Sl
db_bytes=10297344
1786475987.236166933
85, 20, 1406, 1708, 54
2914266  280 2687188 114      9 Sl
db_bytes=10297344
1786475988.262853068
91, 28, 1406, 1594, 54
2914266  286 2636816 114     10 Sl
db_bytes=10297344
1786475989.296175679
89, 30, 1406, 1708, 51
2914266  290 2667616 114     11 Sl
db_bytes=10297344
wal_bytes=152472
1786475990.330302867
92, 32, 1406, 1531, 51
2914266  298 2674336 114     12 Sl
db_bytes=10297344
wal_bytes=152472
1786475991.371727127
90, 32, 1406, 1695, 53
2914266  303 2653904 114     13 Sl
db_bytes=10297344
wal_bytes=24752
1786475992.400800565
81, 27, 1406, 1620, 52
2914266  304 2727356 114     14 Sl
db_bytes=10297344
wal_bytes=164832
1786475993.436474404
76, 34, 1406, 1708, 51
2914266  307 2716460 114     15 Sl
db_bytes=10297344
wal_bytes=304912
1786475994.474401375
56, 32, 1406, 1708, 50
2914266  318 2737164 120     16 Sl
db_bytes=10297344
wal_bytes=317272
1786475995.521206127
53, 25, 1406, 1708, 51
2914266  332 2707976 120     17 Sl
db_bytes=10297344
wal_bytes=177192
1786475996.590387510
77, 25, 1406, 1506, 50
2914266  342 2706628 120     18 Sl
db_bytes=10297344
wal_bytes=12392
1786475997.643692702
65, 26, 1406, 1708, 50
2914266  350 2695036 119     19 Sl
db_bytes=10297344
wal_bytes=152472
1786475998.690950918
64, 26, 1406, 1708, 51
2914266  358 2783456 119     20 Sl
db_bytes=10297344
1786475999.746981773
74, 24, 1406, 1708, 51
2914266  366 2738668 119     21 Sl
db_bytes=10297344
1786476000.800819144
69, 27, 1406, 1708, 50
2914266  373 2770272 119     22 Sl
db_bytes=10297344
wal_bytes=177192
1786476001.856525155
72, 25, 1406, 1708, 51
2914266  379 2729548 119     23 Sl
db_bytes=10297344
wal_bytes=32
1786476002.914330313
71, 28, 1406, 1544, 52
2914266  386 2729564 119     25 Sl
db_bytes=10297344
wal_bytes=304912
1786476003.962745435
91, 30, 1406, 1506, 56
2914266  390 2765584 120     26 Sl
db_bytes=10297344
1786476005.003194901
94, 26, 1406, 1544, 56
2914266  393 2715640 120     27 Sl
db_bytes=10297344
wal_bytes=37112
1786476006.044840433
74, 26, 1406, 1544, 56
2914266  399 2772516 120     28 Sl
db_bytes=10297344
wal_bytes=0
1786476007.090429101
77, 29, 1406, 1645, 54
2914266  404 2767028 120     29 Sl
db_bytes=10297344
wal_bytes=317272
1786476008.126079113
73, 31, 1406, 1531, 57
2914266  406 2694100 120     30 Sl
db_bytes=10297344
1786476009.166492880
78, 31, 1406, 1708, 52
2914266  408 2733120 120     31 Sl
db_bytes=10297344
wal_bytes=24752
1786476010.203815976
83, 27, 1406, 1582, 58
2914266  411 2694344 120     32 Sl
db_bytes=10297344
wal_bytes=32
1786476011.240619817
82, 31, 1406, 1657, 52
2914266  413 2733288 120     33 Sl
db_bytes=10297344
wal_bytes=341992
1786476012.283143293
93, 28, 1406, 1544, 52
2914266  414 2788020 120     34 Sl
db_bytes=10297344
1786476013.326925962
71, 37, 1406, 1695, 53
2914266  417 2764292 120     35 Sl
db_bytes=10297344
wal_bytes=354352
1786476014.368280182
83, 27, 1406, 1657, 56
2914266  419 2784340 120     36 Sl
db_bytes=10297344
wal_bytes=531512
1786476015.395854266
89, 27, 1406, 1695, 58
2914266  422 2785660 120     37 Sl
db_bytes=10297344
wal_bytes=721032
1786476016.432139252
64, 28, 1406, 1708, 55
2914266  427 2746464 120     38 Sl
db_bytes=10297344
1786476017.473271138
75, 33, 1406, 1683, 58
2914266  431 2780364 120     39 Sl
db_bytes=10297344
1786476018.511273270
89, 35, 1406, 1544, 52
2914266  434 2803232 120     40 Sl
db_bytes=10297344
wal_bytes=32
1786476019.559341725
70, 27, 1406, 1708, 54
2914266  436 2806840 120     41 Sl
db_bytes=10297344
wal_bytes=164832
1786476020.599438063
89, 26, 1406, 1493, 54
2914266  437 2773276 120     42 Sl
db_bytes=10297344
wal_bytes=12392
1786476021.639409165
77, 28, 1406, 1708, 56
2914266  439 2784528 120     43 Sl
db_bytes=10297344
1786476022.683812595
83, 20, 1406, 1506, 54
2914266  440 2809140 120     44 Sl
db_bytes=10297344
wal_bytes=177192
1786476023.722948908
67, 26, 1406, 1708, 55
2914266  441 2764824 120     45 Sl
db_bytes=10297344
1786476024.763569117
66, 26, 1406, 1708, 53
2914266  442 2752880 120     46 Sl
db_bytes=10297344
wal_bytes=317272
1786476025.809375880
67, 26, 1406, 1708, 55
2914266  444 2761060 120     47 Sl
db_bytes=10297344
wal_bytes=391432
1786476026.860276966
62, 20, 1406, 1708, 52
2914266  446 2799428 120     48 Sl
db_bytes=10297344
1786476027.913010882
69, 26, 1406, 1708, 53
2914266  448 2747948 120     50 Sl
db_bytes=10297344
1786476028.962440005
60, 24, 1406, 1708, 52
2914266  452 2793072 120     51 Sl
db_bytes=10297344
wal_bytes=37112
1786476030.012654539
59, 29, 1406, 1708, 53
2914266  453 2770612 120     52 Sl
db_bytes=10297344
wal_bytes=177192
1786476031.058877902
63, 28, 1406, 1708, 52
2914266  454 2787616 120     53 Sl
db_bytes=10297344
wal_bytes=152472
1786476032.111440591
66, 25, 1406, 1708, 53
2914266  455 2765196 120     54 Sl
db_bytes=10297344
1786476033.167640912
55, 31, 1406, 1708, 51
2914266  457 2810280 120     55 Sl
db_bytes=10297344
wal_bytes=12392
1786476034.231635689
68, 23, 1406, 1708, 52
2914266  458 2780132 119     56 Sl
db_bytes=10297344
1786476035.282860689
58, 28, 1406, 1708, 56
2914266  460 2776904 119     57 Sl
db_bytes=10297344
wal_bytes=37112
1786476036.350805037
67, 36, 1406, 1657, 52
2914266  462 2793828 119     58 Sl
db_bytes=10297344
wal_bytes=164832
1786476037.424783430
61, 28, 1406, 1708, 53
2914266  463 2737596 119     59 Sl
db_bytes=10297344
1786476038.472775510
65, 24, 1406, 1708, 52
2914266  465 2737648 119     60 Sl
db_bytes=10297344
1786476039.520785404
76, 33, 1406, 1708, 54
2914266  467 2794036 119     61 Sl
db_bytes=10297344
1786476040.572585623
73, 20, 1406, 1708, 53
2914266  468 2771540 119     62 Sl
db_bytes=10297344
1786476041.620372344
64, 23, 1406, 1708, 54
2914266  468 2742040 119     63 Sl
db_bytes=10297344
1786476042.666031546
70, 24, 1406, 1708, 53
2914266  470 2794240 119     64 Sl
db_bytes=10297344
wal_bytes=12392
1786476043.723514836
58, 25, 1406, 1708, 53
2914266  471 2758524 119     65 Sl
db_bytes=10297344
1786476044.761795496
64, 25, 1406, 1708, 53
2914266  473 2788756 119     66 Sl
db_bytes=10297344
1786476045.808010688
57, 28, 1406, 1708, 52
2914266  475 2738196 119     67 Sl
db_bytes=10297344
1786476046.853673220
64, 29, 1406, 1708, 52
2914266  477 2777132 119     68 Sl
db_bytes=10297344
wal_bytes=152472
1786476047.900814976
77, 30, 1406, 1670, 54
2914266  478 2797772 119     70 Sl
db_bytes=10297344
1786476048.984558305
64, 24, 1406, 1708, 53
2914266  478 2789032 119     71 Sl
db_bytes=10297344
1786476050.035659311
78, 23, 1406, 1708, 53
2914266  480 2789172 119     72 Sl
db_bytes=10297344
1786476051.089166723
82, 26, 1406, 1695, 54
2914266  480 2794864 119     73 Sl
db_bytes=10297344
wal_bytes=354352
1786476052.137728714
73, 36, 1406, 1594, 56
2914266  481 2772448 119     74 Sl
db_bytes=10297344
wal_bytes=379072
1786476053.178862141
70, 30, 1406, 1708, 53
2914266  482 2753416 119     75 Sl
db_bytes=10297344
wal_bytes=37112
1786476054.218532183
83, 30, 1406, 1582, 57
2914266  482 2755752 119     76 Sl
db_bytes=10297344
wal_bytes=12392
1786476055.259104625
81, 29, 1406, 1607, 59
2914266  482 2772708 119     77 Sl
db_bytes=10297344
1786476056.295681732
80, 25, 1406, 1708, 55
2914266  484 2806716 119     78 Sl
db_bytes=10297344
wal_bytes=214272
1786476057.344027506
81, 33, 1406, 1544, 56
2914266  485 2806724 119     79 Sl
db_bytes=10297344
1786476058.393018666
81, 29, 1406, 1708, 55
2914266  486 2806912 119     80 Sl
db_bytes=10297344
wal_bytes=317272
1786476059.438001666
89, 31, 1406, 1594, 55
2914266  487 2767600 119     81 Sl
db_bytes=10297344
wal_bytes=811672
1786476060.480693028
80, 34, 1406, 1683, 54
2914266  488 2790208 119     82 Sl
db_bytes=10297344
wal_bytes=0
1786476061.530816758
84, 26, 1406, 1506, 53
2914266  488 2812744 119     83 Sl
db_bytes=10297344
1786476062.582487075
68, 27, 1406, 1708, 53
2914266  488 2756576 119     84 Sl
db_bytes=10297344
1786476063.622726697
56, 29, 1406, 1708, 54
2914266  488 2790356 119     85 Sl
db_bytes=10297344
wal_bytes=12392
1786476064.671184341
78, 24, 1406, 1708, 56
2914266  489 2807336 119     86 Sl
db_bytes=10297344
1786476065.708066753
61, 31, 1406, 1695, 54
2914266  490 2768036 119     87 Sl
db_bytes=10297344
wal_bytes=177192
1786476066.751135687
76, 23, 1406, 1708, 56
2914266  489 2755836 119     88 Sl
db_bytes=10297344
1786476067.791210126
63, 31, 1406, 1708, 54
2914266  490 2743632 119     89 Sl
db_bytes=10297344
1786476068.834107918
67, 22, 1406, 1695, 56
2914266  491 2773712 119     90 Sl
db_bytes=10297344
wal_bytes=24752
1786476069.876568864
57, 27, 1406, 1695, 54
2914266  492 2776728 119     91 Sl
db_bytes=10297344
wal_bytes=317272
1786476070.926212222
89, 28, 1406, 1506, 57
2914266  493 2751532 119     93 Sl
db_bytes=10297344
wal_bytes=152472
1786476071.971741755
73, 31, 1406, 1708, 54
2914266  493 2768440 119     94 Sl
db_bytes=10297344
1786476073.019093718
87, 34, 1406, 1670, 54
2914266  493 2796624 119     95 Sl
db_bytes=10297344
wal_bytes=457352
1786476074.071380072
74, 40, 1406, 1708, 55
2914266  493 2813500 119     96 Sl
db_bytes=10297344
wal_bytes=304912
1786476075.115750995
76, 28, 1406, 1708, 55
2914266  493 2773640 119     97 Sl
db_bytes=10297344
wal_bytes=177192
1786476076.157992181
88, 28, 1406, 1620, 55
2914266  494 2799496 119     98 Sl
db_bytes=10297344
wal_bytes=519152
1786476077.215518911
85, 28, 1406, 1683, 55
2914266  494 2791004 119     99 Sl
db_bytes=10297344
wal_bytes=848752
1786476078.264097190
82, 39, 1406, 1708, 54
2914266  494 2787960 119    100 Sl
db_bytes=10297344
wal_bytes=12392
1786476079.305301263
84, 17, 1406, 1620, 60
2914266  495 2774156 119    101 Sl
db_bytes=10297344
wal_bytes=164832
1786476080.338689788
61, 30, 1406, 1695, 54
2914266  495 2833092 119    102 Sl
db_bytes=10297344
wal_bytes=0
1786476081.389409817
73, 28, 1406, 1708, 55
2914266  496 2816248 119    103 Sl
db_bytes=10297344
1786476082.439146800
74, 25, 1406, 1544, 57
2914266  496 2810684 119    104 Sl
db_bytes=10297344
1786476083.482540988
75, 28, 1406, 1695, 57
2914266  496 2790292 119    105 Sl
db_bytes=10297344
1786476084.529093478
69, 29, 1406, 1695, 55
2914266  496 2788244 119    106 Sl
db_bytes=10297344
1786476085.584248568
73, 37, 1406, 1695, 54
2914266  497 2771432 119    107 Sl
db_bytes=10297344
wal_bytes=12392
1786476086.632976735
88, 29, 1406, 1645, 55
2914266  498 2799560 119    108 Sl
db_bytes=10297344
1786476087.676866759
72, 28, 1406, 1708, 55
2914266  498 2771456 119    109 Sl
db_bytes=10297344
wal_bytes=354352
1786476088.726194293
65, 24, 1406, 1708, 54
2914266  499 2794920 119    110 Sl
db_bytes=10297344
1786476089.770522769
73, 30, 1406, 1695, 54
2914266  499 2810868 119    111 Sl
db_bytes=10297344
1786476090.828966230
51, 28, 1406, 1695, 54
2914266  500 2794012 119    112 Sl
db_bytes=10297344
wal_bytes=177192
1786476091.878984387
86, 32, 1406, 1683, 56
2914266  500 2816516 119    113 Sl
db_bytes=10297344
wal_bytes=152472
1786476092.918491011
61, 34, 1406, 1695, 55
2914266  501 2833392 119    115 Sl
db_bytes=10297344
wal_bytes=24752
1786476093.967089818
81, 29, 1406, 1695, 55
2914266  501 2823764 119    116 Sl
db_bytes=10297344
wal_bytes=189552
1786476095.009910643
82, 28, 1406, 1518, 60
2914266  501 2816580 119    117 Sl
db_bytes=10297344
wal_bytes=226632
1786476096.057202007
86, 25, 1406, 1695, 59
2914266  501 2771576 119    118 Sl
db_bytes=10297344
1786476097.095713982
65, 29, 1406, 1695, 55
2914266  501 2777208 119    119 Sl
db_bytes=10297344
wal_bytes=164832
1786476098.142560340
67, 29, 1406, 1695, 55
2914266  501 2746060 119    120 Sl
db_bytes=10297344
wal_bytes=152472
1786476099.189188508
73, 26, 1406, 1695, 56
2914266  501 2816632 119    121 Sl
db_bytes=10297344
1786476100.232535804
72, 28, 1406, 1695, 55
2914266  502 2833508 119    122 Sl
db_bytes=10297344
wal_bytes=304912
1786476101.280435806
74, 27, 1406, 1695, 55
2914266  503 2764508 119    123 Sl
db_bytes=10297344
wal_bytes=12392
1786476102.327795435
71, 28, 1406, 1695, 55
2914266  503 2772712 119    124 Sl
db_bytes=10297344
1786476103.372036914
62, 28, 1406, 1695, 57
2914266  503 2816684 119    125 Sl
db_bytes=10297344
wal_bytes=354352
1786476104.408238079
79, 35, 1406, 1695, 58
2914266  504 2759680 119    126 Sl
db_bytes=10297344
wal_bytes=543872
1786476105.448987027
75, 26, 1406, 1708, 57
2914266  505 2816760 119    127 Sl
db_bytes=10297344
wal_bytes=593312
1786476106.492194757
68, 27, 1406, 1708, 59
2914266  505 2811172 119    128 Sl
db_bytes=10297344
1786476107.525960764
72, 26, 1406, 1708, 55
2914266  505 2811192 119    129 Sl
db_bytes=10297344
1786476108.583564296
58, 26, 1406, 1708, 56
2914266  506 2771820 119    130 Sl
db_bytes=10297344
wal_bytes=152472
1786476109.642167851
70, 26, 1406, 1695, 58
2914266  506 2771832 119    131 Sl
db_bytes=10297344
1786476110.698060013
60, 28, 1406, 1695, 55
2914266  506 2811240 119    132 Sl
db_bytes=10297344
wal_bytes=177192
1786476111.738795129
65, 29, 1406, 1544, 59
2914266  506 2804660 119    133 Sl
db_bytes=10297344
1786476112.783301832
78, 27, 1406, 1632, 60
2914266  507 2771912 119    134 Sl
db_bytes=10297344
wal_bytes=177192
1786476113.825396988
87, 28, 1406, 1556, 58
2914266  507 2793572 119    135 Sl
db_bytes=10297344
1786476114.868985231
83, 31, 1406, 1695, 57
2914266  507 2794444 119    136 Sl
db_bytes=10297344
1786476115.916315395
72, 29, 1406, 1544, 58
2914266  508 2760692 119    138 Sl
db_bytes=10297344
1786476116.971138747
68, 29, 1406, 1695, 55
2914266  508 2833820 119    139 Sl
db_bytes=10297344
wal_bytes=152472
1786476118.022704860
69, 32, 1406, 1695, 55
2914266  508 2794456 119    140 Sl
db_bytes=10297344
1786476119.059584405
66, 30, 1406, 1695, 55
2914266  508 2833868 119    141 Sl
db_bytes=10297344
wal_bytes=354352
1786476120.113560224
89, 28, 1406, 1544, 56
2914266  509 2824552 119    142 Sl
db_bytes=10297344
1786476121.155984129
78, 25, 1406, 1695, 56
2914266  509 2738280 119    143 Sl
db_bytes=10297344
wal_bytes=12392
1786476122.213089047
75, 32, 1406, 1695, 56
2914266  509 2808512 119    144 Sl
db_bytes=10297344
1786476123.254124106
73, 31, 1406, 1695, 55
2914266  509 2833920 119    145 Sl
db_bytes=10297344
1786476124.300692726
79, 33, 1406, 1531, 61
2914266  510 2772040 119    146 Sl
db_bytes=10297344
wal_bytes=164832
1786476125.348252453
56, 29, 1406, 1695, 55
2914266  510 2779324 119    147 Sl
db_bytes=10297344
wal_bytes=177192
1786476126.394850207
73, 35, 1406, 1695, 55
2914266  510 2817116 119    148 Sl
db_bytes=10297344
1786476127.472958592
84, 23, 1406, 1695, 56
2914266  510 2777748 119    149 Sl
db_bytes=10297344
1786476128.520793176
56, 28, 1406, 1695, 55
2914266  511 2758268 119    150 Sl
db_bytes=10297344
wal_bytes=32
1786476129.566654543
76, 26, 1406, 1695, 59
2914266  511 2772224 119    151 Sl
db_bytes=10297344
1786476130.605096584
65, 29, 1406, 1695, 59
2914266  512 2811632 119    152 Sl
db_bytes=10297344
wal_bytes=37112
1786476131.644384434
86, 33, 1406, 1695, 57
2914266  512 2828648 119    153 Sl
db_bytes=10297344
wal_bytes=366712
1786476132.687065221
68, 28, 1406, 1695, 56
2914266  512 2800464 119    154 Sl
db_bytes=10297344
wal_bytes=543872
1786476133.754733252
67, 27, 1406, 1695, 55
2914266  512 2811724 119    155 Sl
db_bytes=10297344
wal_bytes=580952
1786476134.806646517
69, 31, 1406, 1695, 55
2914266  513 2834224 119    156 Sl
db_bytes=10297344
1786476135.853344908
67, 32, 1406, 1695, 56
2914266  513 2755476 119    157 Sl
db_bytes=10297344
1786476136.914020572
74, 27, 1406, 1695, 55
2914266  513 2817364 119    159 Sl
db_bytes=10297344
wal_bytes=164832
1786476137.970829437
72, 23, 1406, 1632, 57
2914266  513 2823380 119    160 Sl
db_bytes=10297344
1786476139.021849650
58, 29, 1406, 1544, 58
2914266  513 2794868 119    161 Sl
db_bytes=10297344
wal_bytes=164832
1786476140.088809600
63, 28, 1406, 1695, 54
2914266  514 2778040 119    162 Sl
db_bytes=10297344
1786476141.145154728
64, 24, 1406, 1695, 54
2914266  514 2834292 119    163 Sl
db_bytes=10297344
1786476142.192553838
67, 29, 1406, 1695, 56
2914266  514 2834332 119    164 Sl
db_bytes=10297344
1786476143.251776503
68, 27, 1406, 1695, 56
2914266  514 2810336 119    165 Sl
db_bytes=10297344
1786476144.316196010
49, 24, 1406, 1695, 54
2914266  515 2834352 119    166 Sl
db_bytes=10297344
wal_bytes=164832
1786476145.378291470
69, 24, 1406, 1695, 55
2914266  515 2834352 119    167 Sl
db_bytes=10297344
1786476146.426789753
58, 22, 1406, 1695, 54
2914266  515 2799796 119    168 Sl
db_bytes=10297344
wal_bytes=177192
1786476147.478242267
59, 24, 1406, 1695, 54
2914266  516 2772480 119    169 Sl
db_bytes=10297344
1786476148.530820064
72, 26, 1406, 1544, 56
2914266  516 2796832 119    170 Sl
db_bytes=10297344
1786476149.604952415
71, 26, 1406, 1695, 56
2914266  516 2772488 119    171 Sl
db_bytes=10297344
wal_bytes=32
1786476150.653264030
71, 29, 1406, 1695, 55
2914266  517 2800676 119    172 Sl
db_bytes=10297344
1786476151.703917475
71, 26, 1406, 1695, 55
2914266  516 2817552 119    173 Sl
db_bytes=10297344
1786476152.750818176
74, 32, 1406, 1695, 54
2914266  517 2794864 119    174 Sl
db_bytes=10297344
1786476153.811783527
67, 25, 1406, 1695, 55
2914266  517 2783832 119    175 Sl
db_bytes=10297344
wal_bytes=37112
1786476154.862591299
57, 27, 1406, 1708, 55
2914266  518 2794660 119    176 Sl
db_bytes=10297344
1786476155.922640169
57, 24, 1406, 1708, 54
2914266  518 2817608 119    178 Sl
db_bytes=10297344
1786476156.965732274
57, 25, 1406, 1708, 54
2914266  517 2783888 119    179 Sl
db_bytes=10297344
wal_bytes=152472
1786476158.030467782
65, 32, 1406, 1708, 56
2914266  518 2781904 119    180 Sl
db_bytes=10297344
1786476159.080714443
62, 28, 1406, 1708, 55
2914266  518 2772664 119    181 Sl
db_bytes=10297344
1786476160.136780230
68, 32, 1406, 1708, 56
2914266  518 2772656 119    182 Sl
db_bytes=10297344
wal_bytes=164832
1786476161.187875231
64, 28, 1406, 1708, 55
2914266  518 2800820 119    183 Sl
db_bytes=10297344
wal_bytes=177192
1786476162.246981137
51, 30, 1406, 1695, 54
2914266  518 2812072 119    184 Sl
db_bytes=10297344
wal_bytes=37112
1786476163.301948362
59, 25, 1406, 1708, 54
2914266  519 2795224 119    185 Sl
db_bytes=10297344
1786476164.352122566
59, 28, 1406, 1708, 54
2914266  519 2795228 119    186 Sl
db_bytes=10297344
1786476165.399759280
68, 26, 1406, 1708, 56
2914266  519 2834644 119    187 Sl
db_bytes=10297344
1786476166.455763237
68, 24, 1406, 1708, 55
2914266  519 2817768 119    188 Sl
db_bytes=10297344
wal_bytes=152472
1786476167.501022920
50, 29, 1406, 1695, 54
2914266  519 2755948 119    189 Sl
db_bytes=10297344
1786476168.553655315
62, 25, 1406, 1708, 55
2914266  520 2784072 119    190 Sl
db_bytes=10297344
wal_bytes=12392
1786476169.602783739
71, 27, 1406, 1708, 59
2914266  520 2834756 119    191 Sl
db_bytes=10297344
1786476170.651150412
65, 34, 1406, 1695, 55
2914266  520 2817884 119    192 Sl
db_bytes=10297344
wal_bytes=177192
1786476171.710840435
66, 23, 1406, 1695, 55
2914266  520 2817912 119    193 Sl
db_bytes=10297344
wal_bytes=354352
1786476172.754561588
76, 29, 1406, 1695, 57
2914266  520 2812288 119    194 Sl
db_bytes=10297344
1786476173.800164252
70, 28, 1406, 1695, 55
2914266  521 2812304 119    195 Sl
db_bytes=10297344
1786476174.850241756
63, 30, 1406, 1695, 54
2914266  521 2765940 119    196 Sl
db_bytes=10297344
1786476175.908693934
63, 24, 1406, 1695, 55
2914266  521 2789984 119    198 Sl
db_bytes=10297344
1786476176.953254644
74, 34, 1406, 1695, 55
2914266  521 2812484 119    199 Sl
db_bytes=10297344
1786476178.014376410
85, 27, 1406, 1657, 54
2914266  521 2818120 119    200 Sl
db_bytes=10297344
wal_bytes=152472
1786476179.069213923
64, 28, 1406, 1695, 55
2914266  521 2739364 119    201 Sl
db_bytes=10297344
wal_bytes=177192
1786476180.114989133
55, 28, 1406, 1695, 55
2914266  521 2835036 119    202 Sl
db_bytes=10297344
1786476181.165562456
76, 32, 1406, 1695, 56
2914266  522 2835036 119    203 Sl
db_bytes=10297344
wal_bytes=177192
1786476182.219213664
55, 26, 1406, 1695, 54
2914266  521 2835044 119    204 Rl
db_bytes=10297344
1786476183.259015242
69, 27, 1406, 1695, 54
2914266  521 2739412 119    205 Sl
db_bytes=10297344
1786476184.304736278
76, 21, 1406, 1695, 55
2914266  521 2795684 119    206 Rl
db_bytes=10297344
1786476185.344987777
66, 31, 1406, 1695, 55
2914266  522 2812584 119    207 Sl
db_bytes=10297344
1786476186.388757243
53, 30, 1406, 1695, 58
2914266  522 2812596 119    208 Rl
db_bytes=10297344
1786476187.433946864
59, 26, 1406, 1695, 54
2914266  522 2835104 119    209 Sl
db_bytes=10297344
1786476188.480837148
61, 26, 1406, 1695, 54
2914266  522 2790108 119    210 Sl
db_bytes=10297344
1786476189.539494678
74, 26, 1406, 1695, 55
2914266  522 2790116 119    211 Sl
db_bytes=10297344
1786476190.592434213
75, 33, 1406, 1695, 56
2914266  522 2818236 119    212 Sl
db_bytes=10297344
wal_bytes=12392
1786476191.670131934
56, 27, 1406, 1695, 54
2914266  522 2835152 119    213 Sl
db_bytes=10297344
wal_bytes=164832
1786476192.723800039
70, 29, 1406, 1695, 54
2914266  522 2818284 119    214 Sl
db_bytes=10297344
wal_bytes=12392
1786476193.781211211
59, 29, 1406, 1695, 54
2914266  522 2812684 119    215 Sl
db_bytes=10297344
wal_bytes=177192
1786476194.829563752
69, 29, 1406, 1695, 54
2914266  522 2812680 119    216 Sl
db_bytes=10297344
wal_bytes=494432
1786476195.894352577
59, 27, 1406, 1695, 54
2914266  522 2818316 119    218 Sl
db_bytes=10297344
wal_bytes=12392
1786476196.944316173
68, 27, 1406, 1695, 56
2914266  522 2807640 119    219 Sl
db_bytes=10297344
wal_bytes=164832
1786476197.989579491
77, 32, 1406, 1645, 56
2914266  522 2756444 119    220 Sl
db_bytes=10297344
wal_bytes=366712
1786476199.043226016
64, 30, 1406, 1695, 54
2914266  523 2785512 119    221 Sl
db_bytes=10297344
1786476200.094706530
52, 31, 1406, 1695, 57
2914266  523 2801472 119    222 Sl
db_bytes=10297344
1786476201.150281872
64, 24, 1406, 1695, 54
2914266  523 2818348 119    223 Sl
db_bytes=10297344
1786476202.194451769
61, 24, 1406, 1695, 54
2914266  523 2784628 119    224 Sl
db_bytes=10297344
1786476203.244675560
62, 26, 1406, 1695, 54
2914266  523 2801508 119    225 Sl
db_bytes=10297344
1786476204.299464552
63, 22, 1406, 1531, 59
2914266  523 2762196 119    226 Sl
db_bytes=10297344
wal_bytes=152472
1786476205.351727655
62, 27, 1406, 1695, 54
2914266  523 2812824 119    227 Sl
db_bytes=10297344
1786476206.401613864
69, 34, 1406, 1670, 54
2914266  523 2818500 119    228 Sl
db_bytes=10297344
1786476207.451183140
69, 26, 1406, 1544, 60
2914266  524 2795996 119    229 Sl
db_bytes=10297344
wal_bytes=37112
1786476208.494990606
58, 26, 1406, 1695, 54
2914266  524 2779152 119    230 Sl
db_bytes=10297344
1786476209.545688491
76, 28, 1406, 1695, 55
2914266  524 2801164 119    231 Sl
db_bytes=10297344
1786476210.597205276
62, 30, 1406, 1695, 54
2914266  524 2835456 119    232 Sl
db_bytes=10297344
1786476211.649618692
57, 23, 1406, 1695, 54
2914266  524 2796080 119    233 Sl
db_bytes=10297344
wal_bytes=177192
1786476212.702886421
58, 28, 1406, 1695, 54
2914266  524 2786912 119    234 Sl
db_bytes=10297344
wal_bytes=177192
1786476213.747761850
69, 32, 1406, 1670, 54
2914266  524 2818580 119    235 Sl
db_bytes=10297344
wal_bytes=531512
1786476214.797198913
73, 25, 1406, 1695, 56
2914266  524 2803172 119    236 Sl
db_bytes=10297344
1786476215.849615596
81, 29, 1406, 1695, 55
2914266  524 2801720 119    237 Sl
db_bytes=10297344
1786476216.890849367
82, 31, 1406, 1582, 60
2914266  524 2762396 119    238 Sl
db_bytes=10297344
wal_bytes=317272
1786476217.927216129
79, 28, 1406, 1695, 56
2914266  524 2826948 119    240 Sl
db_bytes=10297344
wal_bytes=12392
1786476218.972281590
66, 29, 1406, 1695, 59
2914266  524 2796832 119    241 Sl
db_bytes=10297344
1786476220.013294562
81, 32, 1406, 1695, 56
2914266  525 2801792 119    242 Sl
db_bytes=10297344
wal_bytes=12392
1786476221.062459839
68, 27, 1406, 1695, 56
2914266  525 2762436 119    243 Sl
db_bytes=10297344
1786476222.104358543
69, 29, 1406, 1695, 59
2914266  525 2760120 119    244 Sl
db_bytes=10297344
wal_bytes=201912
1786476223.153687826
72, 32, 1406, 1695, 56
2914266  525 2835592 119    245 Sl
db_bytes=10297344
wal_bytes=519152
1786476224.201855962
85, 32, 1406, 1695, 59
2914266  525 2813092 119    246 Sl
db_bytes=10297344
wal_bytes=988832
1786476225.249494494
86, 22, 1406, 1506, 60
2914266  525 2773740 119    247 Sl
db_bytes=10297344
wal_bytes=1165992
1786476226.285790453
77, 28, 1406, 1607, 60
2914266  525 2809192 119    248 Sl
db_bytes=10297344
wal_bytes=1648032
1786476227.325057953
83, 36, 1406, 1695, 56
2914266  525 2740512 119    249 Sl
db_bytes=10297344
wal_bytes=1989992
1786476228.362151672
61, 26, 1406, 1695, 56
2914266  525 2818812 119    250 Sl
db_bytes=10297344
wal_bytes=2472032
1786476229.411035524
50, 28, 1406, 1695, 55
2914266  526 2813204 119    251 Sl
db_bytes=10297344
wal_bytes=3106512
1786476230.455495788
56, 30, 1406, 1695, 55
2914266  526 2818828 119    252 Sl
db_bytes=10297344
wal_bytes=3423752
1786476231.504288494
55, 30, 1406, 1695, 55
2914266  526 2797376 119    253 Sl
db_bytes=10297344
wal_bytes=3625632
1786476232.557841250
61, 30, 1406, 1695, 55
2914266  526 2793952 119    254 Sl
db_bytes=10297344
wal_bytes=3650352
1786476233.602544385
69, 28, 1406, 1695, 59
2914266  526 2744860 119    255 Sl
db_bytes=10297344
wal_bytes=3839872
1786476234.645099170
71, 28, 1406, 1695, 55
2914266  526 2802640 119    256 Sl
db_bytes=10297344
wal_bytes=3876952
1786476235.696444628
58, 26, 1406, 1695, 55
2914266  526 2819528 119    257 Sl
db_bytes=10297344
wal_bytes=3951112
1786476236.741116045
66, 26, 1406, 1695, 56
2914266  526 2740780 119    258 Sl
db_bytes=10297344
wal_bytes=4128272
1786476237.783803634
63, 23, 1406, 1556, 60
2914266  526 2813932 119    259 Sl
db_bytes=10297344
wal_bytes=4128272
1786476238.824728438
72, 27, 1406, 1695, 60
2914266  526 2813932 119    260 Sl
db_bytes=10297344
wal_bytes=4128272
1786476239.854754246
82, 24, 1406, 1556, 61
2914266  526 2853332 119    261 Sl
db_bytes=10297344
wal_bytes=4128272
1786476240.888025151
64, 35, 1406, 1657, 55
2914266  527 2802708 119    262 Sl
db_bytes=10297344
wal_bytes=4128272
1786476241.936588589
66, 35, 1406, 1657, 55
2914266  527 2791472 119    264 Sl
db_bytes=10297344
wal_bytes=4128272
1786476242.977278155
65, 29, 1406, 1695, 56
2914266  527 2780224 119    265 Sl
db_bytes=10297344
wal_bytes=4128272
1786476244.023155282
67, 32, 1406, 1695, 55
2914266  527 2847520 119    266 Sl
db_bytes=10297344
wal_bytes=4128272
1786476245.069263855
73, 27, 1406, 1695, 55
2914266  527 2819692 119    267 Sl
db_bytes=10297344
wal_bytes=4128272
1786476246.140901797
55, 30, 1406, 1695, 55
2914266  527 2836568 119    268 Sl
db_bytes=10297344
wal_bytes=4128272
1786476247.181759330
88, 26, 1406, 1556, 60
2914266  527 2780316 119    269 Sl
db_bytes=10297344
wal_bytes=4128272
1786476248.220741968
69, 29, 1406, 1695, 56
2914266  527 2836568 119    270 Rl
db_bytes=10297344
wal_bytes=4128272
1786476249.268089695
69, 26, 1406, 1695, 60
2914266  527 2757832 119    271 Sl
db_bytes=10297344
wal_bytes=4128272
1786476250.299147937
74, 26, 1406, 1506, 58
2914266  527 2814088 119    272 Sl
db_bytes=10297344
wal_bytes=4128272
1786476251.352542303
87, 25, 1406, 1670, 57
2914266  527 2797240 119    273 Sl
db_bytes=10297344
wal_bytes=4128272
1786476252.406112064
69, 34, 1406, 1695, 56
2914266  527 2853492 119    274 Sl
db_bytes=10297344
wal_bytes=4218912
1786476253.450854064
64, 26, 1406, 1695, 58
2914266  527 2797228 119    275 Sl
db_bytes=10297344
wal_bytes=4218912
1786476254.496994937
82, 29, 1406, 1695, 57
2914266  527 2791628 119    276 Sl
db_bytes=10297344
wal_bytes=4218912
1786476255.539513645
65, 31, 1406, 1695, 55
2914266  528 2784520 119    277 Sl
db_bytes=10297344
1786476256.593581395
67, 29, 1406, 1695, 59
2914266  528 2814144 119    278 Sl
db_bytes=10297344
1786476257.643076833
85, 36, 1406, 1670, 58
2914266  528 2780400 119    279 Sl
db_bytes=10297344
1786476258.690440558
70, 27, 1406, 1695, 58
2914266  528 2831028 119    280 Sl
db_bytes=10297344
wal_bytes=177192
1786476259.742699152
65, 37, 1406, 1657, 56
2914266  528 2802920 119    281 Sl
db_bytes=10297344
1786476260.781986689
77, 29, 1406, 1695, 57
2914266  528 2819316 119    282 Sl
db_bytes=10297344
wal_bytes=177192
1786476261.830709404
88, 27, 1406, 1556, 57
2914266  528 2815988 119    283 Sl
db_bytes=10297344
1786476262.876990586
75, 25, 1406, 1632, 58
2914266  528 2831080 119    284 Sl
db_bytes=10297344
1786476263.933427270
84, 30, 1406, 1695, 56
2914266  528 2814224 119    286 Sl
db_bytes=10297344
wal_bytes=177192
1786476264.982669976
69, 34, 1406, 1695, 56
2914266  528 2813216 119    287 Sl
db_bytes=10297344
1786476266.033193328
66, 35, 1406, 1657, 57
2914266  528 2853624 119    288 Sl
db_bytes=10297344
1786476267.084516541
78, 30, 1406, 1695, 57
2914266  528 2805644 119    289 Sl
db_bytes=10297344
wal_bytes=457352
1786476268.128482592
85, 19, 1406, 1544, 60
2914266  528 2814268 119    290 Sl
db_bytes=10297344
1786476269.170864810
60, 33, 1406, 1695, 57
2914266  528 2797392 119    291 Sl
db_bytes=10297344
wal_bytes=177192
1786476270.215940408
69, 28, 1406, 1695, 55
2914266  528 2809204 119    292 Sl
db_bytes=10297344
1786476271.261572668
81, 34, 1406, 1695, 56
2914266  528 2819620 119    293 Sl
db_bytes=10297344
wal_bytes=74192
1786476272.307771806
67, 26, 1406, 1695, 56
2914266  528 2831544 119    294 Sl
db_bytes=10297344
1786476273.353454066
76, 29, 1406, 1695, 56
2914266  528 2837168 119    295 Sl
db_bytes=10297344
wal_bytes=164832
1786476274.401427686
71, 28, 1406, 1695, 59
2914266  528 2775296 119    296 Sl
db_bytes=10297344
wal_bytes=32
1786476275.451898752
84, 27, 1406, 1544, 56
2914266  528 2814672 119    297 Sl
db_bytes=10297344
wal_bytes=152472
1786476276.495522494
68, 28, 1406, 1695, 56
2914266  528 2814676 119    298 Sl
db_bytes=10297344
1786476277.542021282
54, 31, 1406, 1695, 55
2914266  528 2837176 119    299 Sl
db_bytes=10297344
wal_bytes=12392
1786476278.583983461
65, 34, 1406, 1695, 56
2914266  529 2831556 119    300 Sl
db_bytes=10297344
wal_bytes=12392
1786476279.641865600
66, 26, 1406, 1695, 56
2914266  529 2791192 119    301 Sl
db_bytes=10297344
1786476280.688382308
59, 36, 1406, 1695, 56
2914266  528 2854076 119    302 Sl
db_bytes=10301440
wal_bytes=12392
1786476281.733031836
73, 24, 1406, 1544, 59
2914266  528 2797828 119    303 Sl
db_bytes=10301440
wal_bytes=189552
1786476282.781647634
64, 23, 1406, 1695, 56
2914266  528 2814700 119    304 Sl
db_bytes=10301440
wal_bytes=226632
1786476283.827435268
59, 25, 1406, 1695, 55
2914266  529 2831576 119    305 Sl
db_bytes=10301440
1786476284.882425019
59, 28, 1406, 1695, 55
2914266  529 2814700 119    306 Sl
db_bytes=10301440
wal_bytes=0
1786476285.936910559
63, 28, 1406, 1695, 55
2914266  529 2830504 119    308 Sl
db_bytes=10301440
1786476286.986353899
63, 30, 1406, 1556, 58
2914266  529 2810420 119    309 Sl
db_bytes=10301440
1786476288.042648769
60, 29, 1406, 1695, 56
2914266  529 2837220 119    310 Sl
db_bytes=10301440
wal_bytes=177192
1786476289.097937289
48, 27, 1406, 1695, 54
2914266  529 2837224 119    311 Sl
db_bytes=10301440
wal_bytes=12392
1786476290.150019736
71, 29, 1406, 1695, 55
2914266  529 2837220 119    312 Sl
db_bytes=10301440
1786476291.208334621
55, 23, 1406, 1695, 55
2914266  529 2790212 119    313 Sl
db_bytes=10301440
1786476292.256494728
51, 28, 1406, 1695, 55
2914266  529 2820344 119    314 Sl
db_bytes=10301440
wal_bytes=177192
1786476293.325923930
64, 28, 1406, 1695, 55
2914266  529 2809100 119    315 Sl
db_bytes=10301440
1786476294.373564935
76, 28, 1406, 1695, 56
2914266  529 2842400 119    316 Sl
db_bytes=10301440
1786476295.409638174
74, 29, 1406, 1695, 60
2914266  528 2832296 119    317 Sl
db_bytes=10301440
1786476296.447443833
89, 27, 1406, 1569, 56
2914266  528 2837920 119    318 Sl
db_bytes=10301440
wal_bytes=24752
1786476297.495259848
3, 0, 798, 1695, 54
2914266  527 2533660 50     319 Sl
db_bytes=10301440
