1786474557.971510200
3, 0, 78, 1290, 44
2872849  100 12924    1       0 R
1786474559.024912951
3, 0, 78, 1290, 44
2872849  287 486384  23       1 Rl
1786474560.051786334
3, 0, 78, 1290, 44
2872849  202 657420  26       2 Rl
1786474561.074761651
9, 0, 294, 1290, 44
2872849  172 1034948 40       3 Rl
1786474562.101510922
34, 18, 1096, 1430, 45
2872849  166 2309136 111      4 Sl
1786474563.130881330
63, 41, 1174, 1695, 46
2872849  208 2605620 111      5 Sl
1786474564.165079018
75, 34, 1174, 1670, 49
2872849  233 2525296 114      6 Sl
1786474565.195025284
86, 29, 1174, 1518, 51
2872849  249 2570888 114      7 Sl
1786474566.230123843
73, 25, 1174, 1708, 48
2872849  270 2666308 114      8 Sl
1786474567.264022090
75, 36, 1174, 1708, 50
2872849  275 2612808 114      9 Sl
1786474568.293108808
67, 33, 1174, 1708, 49
2872849  281 2556976 114     10 Sl
1786474569.323610705
75, 21, 1174, 1708, 53
2872849  285 2513124 114     11 Sl
1786474570.355708031
78, 32, 1174, 1708, 49
2872849  289 2592748 114     12 Sl
1786474571.385384418
91, 30, 1174, 1531, 51
2872849  294 2582348 114     13 Sl
1786474572.422460916
82, 31, 1174, 1708, 50
2872849  297 2587916 114     14 Sl
1786474573.454782759
69, 26, 1174, 1695, 49
2872849  303 2614888 114     15 Sl
1786474574.487906170
78, 24, 1174, 1531, 51
2872849  305 2615068 114     16 Sl
1786474575.519962240
80, 29, 1174, 1695, 51
2872849  308 2615444 114     17 Sl
1786474576.566693784
76, 28, 1174, 1708, 49
2872849  310 2598136 114     18 Sl
1786474577.596488688
82, 27, 1174, 1632, 52
2872849  311 2583564 114     19 Sl
1786474578.629885174
65, 27, 1174, 1695, 51
2872849  312 2551396 119     20 Sl
1786474579.659262954
63, 26, 1174, 1708, 49
2872849  319 2651908 119     21 Sl
1786474580.703500969
88, 30, 1174, 1531, 50
2872849  326 2669656 119     22 Sl
1786474581.736515368
66, 27, 1174, 1708, 52
2872849  333 2656992 119     23 Sl
1786474582.775694347
64, 26, 1174, 1708, 49
2872849  340 2601732 119     24 Sl
1786474583.822527304
72, 24, 1174, 1531, 52
2872849  345 2633764 119     25 Sl
1786474584.857506239
85, 30, 1174, 1683, 50
2872849  350 2646660 119     26 Sl
1786474585.890716893
63, 26, 1174, 1620, 56
2872849  354 2637104 119     27 Sl
1786474586.926024229
83, 25, 1174, 1544, 54
2872849  359 2594672 119     28 Sl
1786474587.956654205
80, 24, 1174, 1544, 53
2872849  364 2596404 119     30 Sl
1786474588.992006474
74, 27, 1174, 1594, 56
2872849  367 2673540 120     31 Sl
1786474590.027850354
89, 28, 1174, 1683, 51
2872849  370 2687812 120     32 Sl
1786474591.059928244
87, 27, 1174, 1506, 51
2872849  373 2671092 120     33 Sl
1786474592.090545846
91, 29, 1174, 1544, 54
2872849  375 2653748 120     34 Sl
1786474593.122099455
88, 28, 1174, 1670, 53
2872849  376 2649836 120     35 Sl
1786474594.156834426
82, 27, 1174, 1695, 51
2872849  378 2636976 120     36 Sl
1786474595.190485645
87, 24, 1174, 1544, 54
2872849  380 2623704 120     37 Sl
1786474596.221277405
83, 31, 1174, 1695, 52
2872849  381 2677544 120     38 Sl
1786474597.252248773
77, 27, 1174, 1556, 55
2872849  384 2620472 120     39 Sl
1786474598.283348167
78, 32, 1174, 1695, 53
2872849  385 2663392 120     40 Sl
1786474599.312699507
88, 22, 1174, 1556, 54
2872849  387 2652852 120     41 Sl
1786474600.346221421
85, 30, 1174, 1556, 57
2872849  389 2649756 120     42 Sl
1786474601.374908017
76, 33, 1174, 1695, 52
2872849  391 2699612 120     43 Sl
1786474602.405477002
71, 22, 1174, 1695, 52
2872849  394 2635780 120     44 Sl
1786474603.437694774
87, 30, 1174, 1607, 52
2872849  396 2667680 120     45 Sl
1786474604.476689868
75, 24, 1174, 1544, 57
2872849  398 2636184 120     46 Sl
1786474605.501488669
87, 24, 1174, 1607, 53
2872849  401 2699112 120     47 Sl
1786474606.532039251
72, 26, 1174, 1695, 57
2872849  404 2601236 120     48 Sl
1786474607.559699928
89, 30, 1174, 1544, 53
2872849  406 2680060 120     49 Sl
1786474608.594552725
55, 30, 1174, 1695, 51
2872849  408 2752712 120     50 Sl
1786474609.633113221
67, 28, 1174, 1695, 52
2872849  410 2718968 120     51 Sl
1786474610.690627672
48, 22, 1174, 1695, 51
2872849  411 2720136 120     52 Sl
1786474611.740888022
63, 24, 1174, 1695, 51
2872849  413 2749576 120     53 Sl
1786474612.780866284
52, 26, 1174, 1695, 50
2872849  416 2679332 120     54 Sl
1786474613.822061573
61, 29, 1174, 1695, 51
2872849  418 2714628 120     55 Sl
1786474614.862623989
71, 27, 1174, 1695, 51
2872849  420 2705080 120     56 Sl
1786474615.894756267
62, 34, 1174, 1695, 51
2872849  422 2709184 120     57 Sl
1786474616.941039323
58, 23, 1174, 1695, 51
2872849  423 2700744 120     59 Sl
1786474617.979967407
62, 24, 1174, 1695, 51
2872849  424 2692444 120     60 Sl
1786474619.021642283
62, 28, 1174, 1695, 51
2872849  425 2669740 119     61 Sl
1786474620.055078728
65, 25, 1174, 1695, 51
2872849  427 2661256 119     62 Sl
1786474621.091929203
65, 27, 1174, 1695, 51
2872849  428 2640560 119     63 Sl
1786474622.133744627
57, 26, 1174, 1695, 52
2872849  429 2709632 119     64 Sl
1786474623.180189074
72, 24, 1174, 1695, 51
2872849  430 2687156 119     65 Sl
1786474624.220747262
65, 25, 1174, 1695, 53
2872849  432 2692880 119     66 Sl
1786474625.262036465
59, 26, 1174, 1695, 51
2872849  433 2674080 119     67 Sl
1786474626.296456816
58, 28, 1174, 1695, 51
2872849  434 2716968 119     68 Sl
1786474627.344373629
61, 26, 1174, 1695, 51
2872849  435 2662396 119     69 Sl
1786474628.390434384
59, 29, 1174, 1695, 51
2872849  436 2718756 119     70 Sl
1786474629.429148134
73, 28, 1174, 1657, 52
2872849  437 2698196 119     71 Sl
1786474630.489451666
59, 24, 1174, 1695, 51
2872849  438 2656200 119     72 Sl
1786474631.530343425
51, 28, 1174, 1695, 51
2872849  440 2731408 119     73 Sl
1786474632.579370268
55, 27, 1174, 1695, 50
2872849  441 2732908 119     74 Sl
1786474633.625626537
58, 28, 1174, 1695, 51
2872849  442 2686848 119     75 Sl
1786474634.662431660
57, 24, 1174, 1695, 51
2872849  444 2704640 119     76 Sl
1786474635.701294355
67, 32, 1174, 1695, 50
2872849  445 2714288 119     77 Sl
1786474636.740895865
63, 29, 1174, 1695, 51
2872849  446 2671344 119     78 Sl
1786474637.786073480
60, 26, 1174, 1695, 52
2872849  447 2693948 119     79 Sl
1786474638.834176335
52, 28, 1174, 1695, 50
2872849  448 2761496 119     80 Sl
1786474639.896184620
67, 30, 1174, 1695, 51
2872849  449 2666076 119     81 Sl
1786474640.933995623
83, 35, 1174, 1657, 52
2872849  449 2682948 119     82 Sl
1786474641.974344147
63, 34, 1174, 1695, 51
2872849  450 2665904 119     84 Sl
1786474643.013245287
69, 26, 1174, 1695, 52
2872849  451 2666288 119     85 Sl
1786474644.053725228
44, 24, 1174, 1695, 51
2872849  452 2666828 119     86 Sl
1786474645.098104513
61, 29, 1174, 1695, 56
2872849  453 2662204 119     87 Sl
1786474646.150770160
63, 24, 1174, 1695, 53
2872849  454 2773296 119     88 Sl
1786474647.211182723
66, 26, 1174, 1695, 51
2872849  455 2739568 119     89 Sl
1786474648.247021258
69, 26, 1174, 1695, 52
2872849  456 2655340 119     90 Sl
1786474649.288166737
87, 24, 1174, 1506, 52
2872849  457 2692584 119     91 Sl
1786474650.337351836
69, 27, 1174, 1695, 51
2872849  457 2694812 119     92 Sl
1786474651.374006657
78, 28, 1174, 1695, 53
2872849  458 2691788 119     93 Sl
1786474652.420881324
65, 29, 1174, 1695, 51
2872849  460 2751328 119     94 Sl
1786474653.458150838
65, 28, 1174, 1695, 57
2872849  460 2696188 119     95 Sl
1786474654.495009544
75, 29, 1174, 1695, 55
2872849  461 2730092 119     96 Sl
1786474655.541817898
62, 23, 1174, 1695, 52
2872849  461 2650396 119     97 Sl
1786474656.581414155
65, 27, 1174, 1695, 53
2872849  462 2730220 119     98 Sl
1786474657.621696201
63, 23, 1174, 1695, 51
2872849  462 2780872 119     99 Sl
1786474658.662562456
83, 30, 1174, 1695, 52
2872849  462 2707776 119    100 Sl
1786474659.698786601
66, 30, 1174, 1695, 53
2872849  463 2714380 119    101 Sl
1786474660.737634508
82, 26, 1174, 1556, 54
2872849  463 2638580 119    102 Sl
1786474661.773312232
71, 29, 1174, 1695, 52
2872849  464 2707852 119    103 Sl
1786474662.813036184
59, 29, 1174, 1695, 51
2872849  464 2730396 119    104 Sl
1786474663.850779871
65, 26, 1174, 1695, 53
2872849  464 2657324 119    105 Sl
1786474664.885150491
66, 26, 1174, 1695, 53
2872849  464 2747524 119    106 Sl
1786474665.920305443
63, 29, 1174, 1695, 52
2872849  465 2692928 119    107 Sl
1786474666.962568902
57, 24, 1174, 1695, 52
2872849  465 2730772 119    109 Sl
1786474667.994510123
59, 33, 1174, 1695, 52
2872849  466 2739456 119    110 Sl
1786474669.032782289
62, 26, 1174, 1695, 52
2872849  466 2680736 119    111 Sl
1786474670.070965170
65, 30, 1174, 1695, 53
2872849  467 2665068 119    112 Sl
1786474671.108039141
56, 26, 1174, 1695, 52
2872849  468 2789448 119    113 Sl
1786474672.150590663
88, 32, 1174, 1670, 53
2872849  468 2707092 119    114 Sl
1786474673.189410517
56, 24, 1174, 1695, 53
2872849  469 2798440 119    115 Sl
1786474674.227446924
50, 23, 1174, 1695, 52
2872849  470 2777004 119    116 Sl
1786474675.265427210
82, 26, 1174, 1695, 58
2872849  470 2629732 119    117 Sl
1786474676.297665814
66, 28, 1174, 1695, 53
2872849  470 2697256 119    118 Sl
1786474677.335856498
68, 25, 1174, 1683, 57
2872849  471 2702928 119    119 Sl
1786474678.379488609
83, 32, 1174, 1645, 53
2872849  471 2691680 119    120 Sl
1786474679.419762501
61, 19, 1174, 1695, 53
2872849  471 2710084 119    121 Sl
1786474680.454729961
86, 25, 1174, 1556, 58
2872849  472 2712720 119    122 Sl
1786474681.494796216
67, 26, 1174, 1695, 54
2872849  472 2725532 119    123 Sl
1786474682.530682136
63, 26, 1174, 1695, 52
2872849  473 2766980 119    124 Sl
1786474683.574256252
62, 29, 1174, 1695, 54
2872849  473 2746756 119    125 Sl
1786474684.611818867
63, 35, 1174, 1695, 57
2872849  474 2719976 119    126 Sl
1786474685.650766712
81, 27, 1174, 1670, 58
2872849  475 2663748 119    127 Sl
1786474686.683349431
74, 22, 1174, 1695, 54
2872849  475 2697516 119    128 Sl
1786474687.716472396
75, 26, 1174, 1695, 53
2872849  475 2687136 119    129 Sl
1786474688.754410598
74, 27, 1174, 1695, 53
2872849  475 2743540 119    130 Sl
1786474689.789644456
64, 38, 1174, 1657, 52
2872849  476 2669416 119    131 Sl
1786474690.827435504
66, 25, 1174, 1695, 52
2872849  476 2727124 119    132 Sl
1786474691.863806335
66, 25, 1174, 1695, 53
2872849  476 2657592 119    133 Sl
1786474692.901563152
64, 26, 1174, 1695, 52
2872849  476 2731400 119    134 Sl
1786474693.945426297
84, 32, 1174, 1695, 53
2872849  477 2733980 119    136 Sl
1786474694.983037450
62, 28, 1174, 1695, 52
2872849  477 2759568 119    137 Sl
1786474696.022798709
67, 24, 1174, 1695, 52
2872849  477 2706532 119    138 Sl
1786474697.062031824
69, 26, 1174, 1695, 52
2872849  477 2783200 119    139 Sl
1786474698.099027462
62, 27, 1174, 1695, 53
2872849  477 2707364 119    140 Sl
1786474699.138059457
89, 29, 1174, 1582, 53
2872849  477 2748516 119    141 Sl
1786474700.175953785
86, 28, 1174, 1683, 57
2872849  476 2675396 119    142 Sl
1786474701.205945321
73, 26, 1174, 1695, 54
2872849  475 2708812 119    143 Sl
1786474702.237659965
63, 31, 1174, 1695, 53
2872849  474 2666468 119    144 Sl
1786474703.275142482
81, 31, 1174, 1695, 55
2872849  473 2709224 119    145 Sl
1786474704.307774113
69, 31, 1174, 1556, 59
2872849  473 2652980 119    146 Sl
1786474705.335035561
60, 33, 1174, 1695, 53
2872849  472 2766888 119    147 Sl
1786474706.364192747
78, 25, 1174, 1695, 58
2872849  471 2675516 119    148 Sl
1786474707.394383741
86, 28, 1174, 1620, 59
2872849  470 2748660 119    149 Sl
1786474708.423015298
72, 25, 1174, 1695, 54
2872849  470 2653028 119    150 Sl
1786474709.456169239
82, 22, 1174, 1556, 58
2872849  469 2698060 119    151 Sl
1786474710.498016668
61, 30, 1174, 1695, 53
2872849  468 2672552 119    152 Sl
1786474711.528890437
85, 18, 1174, 1544, 54
2872849  468 2776864 119    153 Sl
1786474712.559888790
79, 26, 1174, 1531, 55
2872849  467 2726812 119    154 Sl
1786474713.590762306
68, 29, 1174, 1695, 54
2872849  467 2686916 119    155 Sl
1786474714.622797248
85, 29, 1174, 1657, 55
2872849  466 2715072 119    156 Sl
1786474715.655811203
69, 24, 1174, 1695, 54
2872849  465 2737592 119    157 Sl
1786474716.683430412
85, 24, 1174, 1506, 61
2872849  465 2665524 119    158 Sl
1786474717.710091456
3, 0, 566, 1657, 52
2872849  462 2438820 42     159 Rl
